4294967278,358
4294967278,389
4294967278,335
4294967278,290
4294967278,387
4294967278,401
4294967278,333
4294967278,44
4294967278,43
4294967278,41
4294967278,40
4294967278,38
4294967278,32
4294967278,31
4294967278,30
4294967278,29
4294967278,27
4294967278,385
4294967278,22
4294967278,342
4294967278,17
4294967278,16
4294967278,366
4294967278,15
4294967278,13
4294967278,12
4294967278,11
4294967278,9
4294967278,6
4294967278,5
4294967278,4
4294967279,132
4294967279,130
4294967279,128
4294967279,127
4294967279,125
4294967279,124
4294967279,122
4294967279,120
4294967279,119
4294967279,116
4294967279,115
4294967279,109
4294967279,321
4294967279,108
4294967279,333
4294967279,289
4294967279,533
4294967279,532
4294967279,218
4294967279,545
4294967278,349
4294967279,291
4294967294,946
4294967294,920
4294967278,296
4294967279,341
3648,7
3648,6
3648,5
3648,4
3648,3
3648,2
3648,1
4294967278,397
4294967279,288
4294967294,455
4294967278,424
4294967279,527
4294967294,427
4294967279,285
3645,5
3645,4
3645,3
3645,2
3645,1
3644,5
3644,4
3644,3
3644,2
3644,1
4294967279,284
3640,6
3640,5
3640,4
3640,3
3640,2
3640,1
3637,6
3637,5
3637,4
3637,3
3637,2
3637,1
4294967279,180
4294967294,898
4294967278,179
4294967279,173
4294967294,393
4294967294,418
4294967294,109
4294967278,174
4294967279,528
4294967278,138
4294967278,289
4294967279,320
4294967279,256
4294967278,286
4294967279,303
4294967278,226
4294967279,223
3626,6
3626,5
3626,4
3626,3
3626,2
3626,1
4294967278,210
4294967278,208
3623,4
3623,3
3623,2
3623,1
4294967279,198
4294967278,197
4294967278,196
3622,4
3622,3
3622,2
3622,1
4294967279,273
4294967279,194
4294967278,193
4294967294,400
4294967279,269
4294967279,189
4294967278,187
4294967278,184
3621,6
3621,5
3621,4
3621,3
3621,2
3621,1
4294967278,177
4294967279,177
4294967279,171
4294967279,518
4294967294,900
4294967294,421
4294967294,965
4294967279,296
4294967278,154
4294967278,403
4294967279,154
4294967278,145
4294967279,138
4294967279,272
4294967279,136
4294967278,413
4294967279,323
4294967279,282
3614,4
3614,3
3614,2
3614,1
4294967278,2
4294967278,88
4294967294,480
4294967278,231
4294967279,262
4294967294,420
4294967294,398
4294967294,384
4294967294,467
4294967278,258
4294967278,257
3613,5
3613,4
3613,3
3613,2
3613,1
4294967278,279
3612,5
3612,4
3612,3
3612,2
3612,1
4294967279,266
4294967278,244
3610,4
3610,3
3610,2
3610,1
4294967279,229
4294967278,327
4294967278,382
4294967294,478
4294967279,290
4294967278,271
4294967294,392
4294967279,345
4294967294,905
4294967279,512
4294967278,266
4294967279,382
4294967279,216
4294967278,326
4294967278,324
4294967278,260
4294967278,446
4294967278,368
4294967278,423
4294967278,393
4294967279,110
4294967279,107
4294967279,106
4294967279,571
4294967279,344
4294967279,84
4294967279,376
4294967279,82
4294967279,81
4294967279,80
4294967279,79
4294967279,74
4294967279,73
4294967279,72
4294967279,71
4294967279,531
4294967279,526
4294967279,516
4294967278,263
4294967278,259
4294967294,468
4294967294,462
4294967279,280
3609,7
3609,6
3609,5
3609,4
3609,2
3609,1
4294967278,310
4294967278,304
4294967278,160
3606,5
3606,4
3606,3
3606,2
3606,1
3605,5
3605,4
3605,2
3605,1
4294967278,392
3601,6
3601,5
3601,4
4294967279,556
3601,3
3601,2
3601,1
4294967294,173
3598,6
3598,5
3598,4
3598,2
3598,1
4294967278,209
4294967278,203
4294967278,350
4294967278,445
4294967294,385
4294967294,183
4294967294,112
4294967279,186
4294967278,443
4294967278,321
4294967278,320
4294967279,159
4294967279,149
4294967279,146
4294967279,311
4294967294,176
4294967278,294
4294967279,524
4294967278,361
3587,6
3587,5
3587,4
3587,2
3587,1
4294967278,364
4294967279,552
4294967278,362
4294967278,380
4294967278,253
4294967278,246
3584,4
3584,3
3584,2
3584,1
4294967278,238
3583,4
3583,3
3583,2
3583,1
4294967278,440
4294967279,538
4294967279,543
3582,6
3582,5
3582,4
3582,3
3582,2
3582,1
4294967294,180
4294967279,208
4294967278,207
4294967278,200
4294967279,200
4294967278,199
4294967278,312
4294967279,199
4294967279,310
4294967278,198
4294967279,195
4294967279,190
4294967278,330
4294967278,322
4294967278,186
4294967278,402
4294967279,568
4294967278,183
4294967278,181
4294967278,247
4294967279,176
4294967278,173
4294967278,56
4294967279,165
4294967279,542
4294967278,153
4294967279,150
4294967278,439
4294967278,36
4294967294,406
4294967294,913
4294967294,458
4294967294,189
4294967294,397
4294967294,410
4294967279,144
4294967278,144
4294967278,142
4294967278,28
4294967278,235
4294967279,370
4294967279,283
4294967294,967
3571,4
3571,3
3571,2
3571,1
4294967278,437
4294967278,265
4294967278,359
4294967278,233
4294967279,523
4294967279,174
4294967278,435
3570,7
3570,6
3570,5
3570,4
3570,2
3570,1
4294967279,379
4294967279,536
4294967279,378
4294967279,377
3567,5
3567,4
3567,3
3567,2
3567,1
3566,5
3566,4
3566,2
3566,1
4294967279,330
4294967279,374
4294967279,373
4294967279,214
3562,6
3562,5
3562,4
4294967278,141
3562,3
3562,2
3562,1
4294967278,431
4294967278,249
4294967279,558
4294967278,285
3559,6
3559,5
3559,4
3559,2
3559,1
4294967279,248
4294967279,517
4294967278,429
4294967279,302
4294967279,221
4294967278,218
4294967294,416
4294967279,209
4294967279,553
4294967279,287
4294967278,410
4294967278,284
4294967278,180
4294967279,563
4294967279,281
4294967278,417
4294967278,395
4294967278,151
4294967278,149
3548,6
3548,5
3548,4
3548,3
3548,2
3548,1
4294967278,256
4294967279,270
4294967278,288
4294967278,287
3545,4
3545,3
3545,2
3545,1
4294967278,270
3544,4
3544,3
3544,2
3544,1
4294967278,281
4294967279,255
3543,6
3543,5
3543,4
3543,3
3543,2
3543,1
4294967278,254
4294967279,250
4294967279,245
4294967278,242
4294967278,232
4294967278,228
4294967278,224
4294967294,414
4294967294,450
4294967294,108
4294967279,314
4294967279,213
4294967278,212
4294967279,297
4294967278,419
4294967278,201
4294967279,203
4294967278,192
4294967278,406
4294967279,513
4294967294,907
4294967294,916
4294967279,183
4294967279,368
4294967278,325
4294967278,171
4294967294,396
4294967294,409
4294967294,399
4294967294,1415
4294967294,415
4294967294,404
4294967294,463
4294967294,110
4294967294,119
4294967294,448
4294967279,566
4294967294,479
4294967278,158
4294967279,158
3532,4
3532,3
3532,2
3532,1
4294967279,151
4294967294,114
4294967294,120
4294967278,215
4294967279,339
4294967278,337
4294967279,335
4294967279,301
4294967294,68
4294967294,11
4294967294,1422
4294967279,295
4294967278,425
4294967294,915
4294967279,362
4294967279,329
4294967279,360
3531,7
3531,6
3531,5
3531,4
3531,2
3531,1
4294967278,422
4294967294,456
4294967279,247
4294967278,348
4294967278,421
3528,5
3528,4
3528,3
3528,2
3528,1
4294967278,211
3527,5
3527,4
3527,2
3527,1
4294967278,420
4294967279,358
4294967278,191
4294967294,485
3523,6
4294967279,172
3523,5
3523,4
3523,3
3523,2
3523,1
4294967278,167
4294967279,355
3520,6
3520,5
3520,4
3520,2
3520,1
4294967278,399
4294967278,133
4294967278,262
4294967279,254
4294967279,253
4294967294,1425
4294967294,484
4294967278,363
4294967278,307
4294967279,549
4294967294,413
4294967294,402
4294967279,239
4294967278,442
4294967279,233
4294967279,381
4294967278,418
4294967278,436
4294967294,919
4294967279,306
4294967278,433
4294967279,182
4294967294,1424
4294967279,181
3509,6
3509,5
3509,4
3509,3
3509,2
3509,1
4294967278,175
4294967279,170
4294967278,169
4294967279,164
4294967279,163
4294967279,162
4294967278,161
4294967279,161
3506,4
3506,3
3506,2
3506,1
4294967279,157
4294967279,155
3505,4
3505,3
3505,2
3505,1
4294967279,153
4294967278,416
4294967279,143
4294967278,146
3504,6
4294967279,145
3504,5
3504,4
3504,3
3504,2
3504,1
4294967294,1417
4294967278,277
4294967278,136
4294967279,135
4294967278,135
4294967279,134
4294967279,133
4294967279,547
4294967278,272
4294967279,286
4294967279,265
4294967279,264
4294967279,261
4294967279,258
4294967278,261
4294967294,395
4294967294,116
4294967294,473
4294967294,457
4294967294,453
4294967279,351
4294967278,412
4294967279,557
4294967294,1423
4294967278,390
4294967278,365
4294967278,375
4294967278,360
4294967279,551
4294967279,550
4294967279,548
4294967279,249
4294967278,250
4294967278,248
4294967279,348
4294967279,347
4294967278,240
4294967279,243
4294967279,241
4294967279,237
4294967279,346
4294967279,235
4294967278,234
4294967278,230
4294967294,388
4294967279,227
4294967278,222
4294967278,220
4294967294,481
4294967279,217
4294967279,267
4294967279,211
4294967294,948
4294967294,407
4294967294,444
4294967294,167
4294967294,175
4294967278,411
4294967294,1413
4294967294,162
4294967294,911
4294967294,917
4294967294,912
4294967294,89
4294967279,201
3496,5
3496,4
4294967279,202
3496,3
3496,2
3496,1
4294967279,197
3495,5
3495,4
3495,3
3495,2
3495,1
4294967294,476
4294967278,190
4294967279,192
4294967279,375
4294967279,191
3493,4
3493,3
3493,2
3493,1
4294967278,182
4294967279,278
4294967294,390
4294967294,387
4294967279,316
4294967278,379
4294967278,405
4294967294,1418
4294967278,132
4294967278,131
4294967278,130
4294967278,377
4294967278,129
4294967278,128
4294967278,127
4294967278,126
4294967278,125
4294967278,124
4294967278,123
4294967278,122
4294967278,121
4294967278,120
4294967278,119
4294967278,118
4294967278,117
4294967278,116
4294967278,115
4294967278,114
4294967278,113
4294967278,112
4294967278,111
4294967278,110
4294967278,109
4294967278,108
4294967278,107
4294967278,106
4294967278,105
4294967278,104
4294967278,103
4294967278,102
4294967278,101
4294967278,100
4294967278,99
4294967278,98
4294967278,97
4294967278,96
4294967278,95
4294967278,94
4294967278,93
4294967278,92
4294967278,91
4294967278,90
4294967278,89
4294967278,87
4294967278,86
4294967278,85
4294967278,84
4294967278,83
4294967278,82
4294967278,81
4294967278,80
4294967278,79
4294967278,78
4294967278,77
4294967278,76
4294967278,74
4294967278,71
4294967278,70
4294967278,69
4294967278,68
4294967278,66
4294967278,65
4294967278,62
4294967278,61
4294967278,275
4294967278,384
4294967278,346
4294967279,85
4294967279,83
4294967279,78
4294967279,77
4294967279,76
4294967279,75
4294967279,70
4294967279,69
4294967279,68
4294967279,66
4294967279,65
4294967279,64
4294967279,63
4294967279,62
4294967279,61
4294967279,60
4294967279,59
4294967279,56
4294967279,55
4294967279,54
4294967279,53
4294967279,52
4294967279,51
4294967279,540
4294967279,50
4294967279,47
4294967279,46
4294967279,45
4294967279,44
4294967279,43
4294967279,42
4294967279,41
4294967279,40
4294967279,39
4294967279,38
4294967279,37
4294967279,36
4294967279,35
4294967279,34
4294967279,33
4294967279,32
4294967279,31
4294967279,30
4294967279,29
4294967279,28
4294967279,27
4294967279,26
4294967279,25
4294967279,24
4294967279,276
4294967279,23
4294967279,22
4294967279,21
4294967279,20
4294967279,19
4294967279,18
4294967279,17
4294967279,16
4294967279,15
4294967279,14
4294967279,334
4294967279,13
4294967279,559
4294967279,12
4294967279,11
4294967279,322
4294967279,10
4294967279,9
4294967279,8
4294967279,7
4294967279,6
4294967279,5
4294967279,4
4294967279,58
4294967278,447
4294967278,404
4294967279,338
3492,7
3492,6
3492,5
3492,4
3492,2
3492,1
4294967279,336
4294967279,372
4294967294,118
4294967294,465
4294967279,371
3489,5
3489,4
3489,3
3489,2
3489,1
4294967278,293
3488,5
3488,4
3488,2
3488,1
4294967294,918
4294967279,529
3484,6
4294967278,202
3484,5
3484,4
3484,3
3484,2
3484,1
3481,6
3481,5
3481,4
3481,2
3481,1
4294967279,169
4294967278,168
4294967279,274
4294967279,148
4294967279,147
4294967279,139
4294967279,369
4294967278,267
4294967279,259
4294967278,396
4294967278,444
4294967279,327
4294967279,236
4294967279,366
4294967279,215
4294967278,297
4294967278,204
4294967279,207
3470,6
3470,5
4294967279,206
3470,4
4294967278,205
3470,2
3470,1
4294967278,195
4294967279,193
3467,4
3467,3
3467,2
3467,1
4294967279,188
4294967278,185
3466,4
3466,3
3466,2
3466,1
4294967279,325
4294967278,438
4294967279,179
4294967279,178
3465,6
3465,5
3465,4
3465,3
3465,2
3465,1
4294967278,166
4294967278,165
4294967278,163
4294967278,156
4294967294,182
4294967294,901
4294967279,268
4294967294,460
4294967278,139
4294967278,269
4294967278,268
4294967278,278
4294967279,555
4294967279,554
4294967279,383
3457,5
3457,4
3457,3
3457,2
3457,1
4294967294,161
4294967294,910
3456,5
3456,4
3456,3
3456,2
3456,1
4294967279,225
4294967294,115
4294967294,454
4294967294,451
4294967294,169
4294967278,214
4294967278,213
3454,4
3454,3
3454,2
3454,1
4294967279,212
4294967294,903
4294967294,904
4294967294,186
4294967279,252
4294967279,530
4294967278,301
4294967279,251
